40  330
41  331
46  11
46  13
46  16
46  18
46  19
46  23
46  24
46  28
46  29
46  36
46  40
46  41
46  47
46  48
46  49
46  64
46  103
46  115
46  118
46  119
46  124
46  170
46  171
46  178
46  179
46  182
46  183
46  184
46  185
46  188
46  189
46  192
46  193
46  194
46  195
46  196
46  197
46  204
46  205
46  212
46  217
46  218
46  219
46  220
46  221
46  222
46  232
46  236
46  237
46  250
46  261
46  266
46  269
46  286
46  289
46  291
46  297
46  302
46  329
46  345
48  4
48  7
48  14
48  31
48  33
48  35
48  40
48  41
48  42
48  46
48  50
48  65
48  99
48  120
48  121
48  122
48  123
48  124
48  212
48  218
48  219
48  220
48  221
48  329
48  332
48  341
48  342
48  343
48  345
48  393
48  394
53  40
53  41
53  46
53  48
53  51
53  63
53  66
53  68
53  109
53  111
53  124
53  212
53  218
53  219
53  220
53  221
53  329
53  345
68  40
68  41
68  46
68  48
68  52
68  67
68  98
68  124
68  212
68  218
68  219
68  220
68  221
68  329
68  345
95  40
95  41
95  46
95  48
95  53
95  68
95  103
95  124
95  212
95  218
95  219
95  220
95  221
95  253
95  292
95  329
95  345
103  339
103  340
103  396
103  397
124  40
124  41
124  46
124  48
124  54
124  69
124  78
124  112
124  125
124  126
124  127
124  128
124  129
124  130
124  131
124  132
124  133
124  134
124  135
124  136
124  137
124  138
124  139
124  140
124  141
124  142
124  143
124  144
124  145
124  146
124  147
124  148
124  149
124  150
124  151
124  152
124  153
124  154
124  155
124  156
124  157
124  158
124  159
124  160
124  161
124  162
124  163
124  212
124  218
124  219
124  220
124  221
124  329
124  345
212  0
212  1
212  2
212  3
212  5
212  6
212  38
212  39
212  40
212  41
212  43
212  45
212  46
212  48
212  55
212  70
212  106
212  108
212  113
212  124
212  213
212  214
212  215
212  216
212  218
212  219
212  220
212  221
212  329
212  333
212  334
212  335
212  336
212  337
212  338
212  345
212  395
212  398
212  399
212  400
212  401
212  402
212  403
212  404
212  405
212  406
218  40
218  41
218  46
218  48
218  56
218  71
218  96
218  102
218  107
218  110
218  124
218  212
218  219
218  220
218  221
218  329
218  345
219  40
219  41
219  46
219  48
219  57
219  72
219  97
219  104
219  124
219  212
219  218
219  220
219  221
219  329
219  345
220  32
220  40
220  41
220  46
220  48
220  58
220  73
220  114
220  124
220  212
220  218
220  219
220  221
220  329
220  345
221  40
221  41
221  46
221  48
221  59
221  74
221  79
221  80
221  81
221  82
221  83
221  84
221  85
221  86
221  87
221  88
221  89
221  90
221  91
221  92
221  93
221  94
221  105
221  124
221  212
221  218
221  219
221  220
221  229
221  230
221  231
221  233
221  234
221  235
221  238
221  239
221  240
221  241
221  242
221  243
221  244
221  245
221  246
221  247
221  248
221  249
221  250
221  251
221  252
221  257
221  258
221  259
221  260
221  262
221  263
221  264
221  265
221  266
221  267
221  268
221  270
221  271
221  272
221  273
221  274
221  275
221  276
221  277
221  279
221  280
221  281
221  283
221  284
221  285
221  286
221  287
221  288
221  290
221  291
221  299
221  300
221  303
221  304
221  305
221  306
221  307
221  308
221  309
221  310
221  311
221  312
221  313
221  314
221  315
221  316
221  317
221  318
221  319
221  320
221  321
221  323
221  325
221  326
221  327
221  328
221  329
221  345
253  15
253  17
253  20
253  26
253  37
253  40
253  41
253  44
253  46
253  48
253  60
253  75
253  90
253  112
253  115
253  124
253  168
253  169
253  186
253  187
253  198
253  199
253  200
253  201
253  208
253  209
253  212
253  218
253  219
253  220
253  221
253  254
253  255
253  256
253  278
253  282
253  298
253  301
253  313
253  324
253  329
253  345
292  8
292  9
292  10
292  12
292  21
292  22
292  25
292  27
292  30
292  34
292  40
292  41
292  46
292  48
292  61
292  76
292  101
292  115
292  116
292  117
292  124
292  164
292  165
292  166
292  167
292  172
292  173
292  174
292  175
292  176
292  177
292  180
292  181
292  190
292  191
292  202
292  203
292  206
292  207
292  210
292  211
292  212
292  218
292  219
292  220
292  221
292  223
292  224
292  225
292  226
292  227
292  228
292  233
292  245
292  248
292  293
292  294
292  295
292  296
292  301
292  322
292  329
292  345
329  40
329  41
329  46
329  48
329  62
329  77
329  100
329  124
329  212
329  218
329  219
329  220
329  221
329  345
345  344
345  346
345  347
345  348
345  349
345  350
345  351
345  352
345  353
345  354
345  355
345  356
345  357
345  358
345  359
345  360
345  361
345  362
345  363
345  364
345  365
345  366
345  367
345  368
345  369
345  370
345  371
345  372
345  373
345  374
345  375
345  376
345  377
345  378
345  379
345  380
345  381
345  382
345  383
345  384
345  385
345  386
345  387
345  388
345  389
345  390
345  391
345  392
